-0.273652283009
-0.120009598788
0.380968677578
0.0456548530492
-0.210353692528
-0.0357027390855
-0.531770728994
0.0241731026908
-0.0945403166115
-0.463669541874
-0.286025031761
0.0728177084384
-0.115716031287
-0.324140097015
0.404450791524
0.207168591907
-0.522411275655
0.581987109967
-0.150274665095
-0.346139906906
0.204748486285
0.225653091911
0.158567074221
-0.132164179813
-0.035356431501
-0.282730385661
-0.750939296151
0.736607073108
-0.105609150138
-0.6147117652
-0.178397936048
0.112883723341
0.34319774434
-0.867840976221
-0.656381640816
-0.913568995893
0.274820605293
-0.283191812225
-0.841505251126
0.122531456407
-0.143166982394
0.0886337533593
-0.23789817607
-0.0128818228841
-0.28969196789
0.587115647388
0.228562723147
-0.00974603556097
-0.384506694041
-0.456253309734
0.0241071963683
-0.387986646732
0.434265710413
0.435228924034
0.674949557055
-0.695352305193
0.501425895141
-0.496498064138
-0.97552656848
-1.3892092146
-1.07395033957
-0.139585237019
0.730306323851
0.068459469825
150
-0.847161076497
-0.600444298703
0.0880065127276
-0.95364678558
-0.871579095721
0.0540580060333
-0.0296617178246
0.740290963324
-0.356129193795
0.105209813453
0.70758981863
-0.748961011501
-0.695213277912
0.201834249776
-0.524129828438
-0.349382823799
-0.0106810971629
0.246885017492
-0.371663281578
0.294705078006
-0.326482100761
-0.0973066399456
0.134559073253
-0.34568502754
0.0616187320556
0.0142221606802
0.120308008976
-0.174640916986
-0.085547169685
-0.282684892416
0.563334864855
-0.137785025872
0.180251840502
0.349396277103
-0.259947651241
0.687121200026
0.595687465044
-0.256748308893
-0.159331359901
-0.236504554749
-0.149620620883
-0.175182740786
-0.237286412157
-0.836280979682
-0.278638247401
-1.07359447982
0.0666009173729
-0.3980538873
0.560352221713
-0.19825261028
-0.0595869561657
0.329441986978
-0.91522390116
0.0885925902985
-0.144875774393
-0.073071656283
-0.605865182355
0.172121223062
0.23959609773
0.460244326852
-0.0780028267764
0.223933024798
-0.410983222071
-0.664019037969
150
